29851075
28530594
29981320
28791878
28754554
31681742
31436376
29309257
29284116
29371632
31153518
29207877
28786519
31211853
26364043
23053092
29181125
20883295
31019508
12419688
30286703
31400384
26021820
30359715
7144630
29589901
25736892
25676912
29530864
27101740
29517100
30929922
31188501
29953398
28375902
22182480
11322481
28862368
29658702
32029149
25022513
26772879
30001196
30251996
32051057
24828577
30350957
29276826
30943021
29607799
29910189
30696597
25467279
31155524
31672783
29667505
29503207
31677142
30789726
30721726
25446508
18670092
29879347
27306320
31771466
32231385
10541450
11544359
22001064
19089881
31865793
23494799
27134772
28993647
26559861
24392160
32408082
17616140
24854868
32467627
21047085
30760790
25607363
10491340
31513889
30883103
22068690
22579240
26412552
31163255
32450034
29101028
31545545
26079795
1654816
22197759
28530575
23557367
28688036
13130544
25683449
28277674
4463944
25487948
24168107
26149121
20674647
29199553
26994919
24817736
21772023
29232847
2172707
25597398
13376573
3854164
12730443
26921894
26515639
28300670
19814996
29074402
28114402
27067265
20980926
25746775
369351
21513707
3230380
4297641
15030958
26681451
23629716
26774486
26338495
27350110
15036348
27488221
32996678
27748436
31655910
25275953
26229105
25607359
21230003
26024315
22339711
24016264
32646061
27444382
23663222
25483556
25154712
26003890
26542137
22209968
19439218
13405916
20420449
25068406
26713511
24797165
23662614
6761065
26634964
22921351
12646250
8615839
32235743
25404173
23590643
24799212
14008022
32257583
29890088
13400134
355755
15795384
26861753
7727541
8350728
15911539
21922592
17603080
14137624
23418129
22230474
24586778
21335456
5644441
19911007
23662618
11389687
23822565
23922985
20224991
13252032
20932872
17918925
23082955
28768995
27783267
23510173
26103972
30246828
24074059
25954908
31747106
14814346
27193019
15597303
21306563
20564452
15725662
4388284
15713386
17725851
32726707
22100842
25683437
1373841
20601551
14800963
29805489
17134375
16924557
16162962
5522855
19136526
19509460
27689978
17760697
5942036
4400394
13475253
18896089
23510252
15422237
16735467
20078077
18832026
22903976
17532304
22342951
21535653
2677618
32479005
18688580
31582334
4693483
21091247
13034783
9185334
2383023
849458
18844317
6968371
13522601
14925130
13295219
13061442
19323731
7116510
17012772
13058975
17696343
32543095
17447122
12123858
14846803
18938797
18841979
19504968
14298548
14820853
18325778
32145640
16314005
1060826
19657142
23022622
4570426
6616721
3121307
32966837
12814969
13752370
17086603
17524123
5432011
4463946
14185817
16930933
13416268
14017792
13862898
11750025
4276459
14340062
5438052
18176107
9070285
31837993
4148742
28447454
15878115
15522321
3243812
226164
13522637
5831848
13022661
26579093
28220152
6449160
13403917
14353906
13828000
13651542
13288606
32048982
13032046
7248252
3367778
4409026
4476796
14072995
14042946
1835092
31298929
7750792
15744438
32625352
1327555
10566875
15808518
5679364
1790625
11792622
14078938
32436380
14040309
17119635
5513604
2260644
289841
13498709
14123562
3410845
1398221
15439156
4737600
1567195
16744890
13607424
1032770
14814147
14456682
13156559
7275246
32479016
4181219
14153866
28602090
9989943
8096862
4181301
5986364
954150
24679748
13058959
31467630
21606177
5355091
18919795
27759126
5023704
5965648
1060850
32104530
27910787
3287426
6616716
14864610
14368376
5127910
16744737
27321674
14928004
7771289
5439637
1619402
8151780
14222635
14098457
13630485
17700366
6616717
497035
16745102
1156420
14033313
13538951
13061444
14246123
189946
14875049
16347837
23983506
24628700
16745071
2861061
8304946
16744012
18981167
488043
16744845
10079975
5000475
27608295
26559699
18121186
13341065
809893
7139821
32614492
13654346
5478284
13382810
488044
21540999
33049471
14208289
7460080
6231332
32653808
13034359
14068507
13194007
13828001
18137223
13601378
9111930
4541348
5118153
6058903
1057706
16126236
329891
1145655
4182150
4181590
24941169
32931723
7127602
14407328
5961295
14796758
32779842
6078717
18137224
31725161
9323023
18125479
7437026
7448946
32867640
20388714
18860101
13403896
3767837
563295
14087884
5876709
7236421
4132179
32811496
747852
18147527
13620219
6410410
60541
5474200
14166579
6685035
4230547
6155315
526290
1174724
7118586
6704426
7203279
754162
4129541
594487
331430
3833120
106512
8465479
6375458
28825745
25251321
15730267
32933136
25054023
26679371
32844295
31921039
25795009
23863267
32380716
31757046
27279533
3270503
23147700
18606742
32446029
16789095
3454962
3155692
18962138
6469489
29878456
23265457
28627513
27904408
12230412
24958269
2079231
24684381
19881261
3009712
20346651
32150922
30098085
6671000
21854030
15258449
30322941
1907641
7059615
8492245
30523710
1952064
21859730
16788036
31533250
32438253
32677448
23075826
6132008
31345370
7159599
1225940
30691236
21726197
32295884
30939220
27005325
24812070
32479003
23686692
31671675
372484
21999946
2304979
19459440
6883632
14345883
26581712
30558219
25746403
19756310
31253285
30262787
1379448
32482911
23554582
30879813
1568271
719864
31621379
30959054
28209616
23666872
25857234
27020986
31179460
23756400
22101076
8478335
4144231
27845865
27355821
20880161
20437463
22944603
19141711
27023905
6172133
21331438
1309791
31375562
16787173
31067034
28159976
29792672
21816865
22963552
24524365